
         0      2.000000
  0.000125      1.414214
   0.00025      0.000000
  0.000375     -1.414214
    0.0005     -2.000000
  0.000625     -1.414214
   0.00075     -0.000000
  0.000875      1.414213
     0.001      2.000000
  0.001125      1.414214
   0.00125      0.000000
  0.001375     -1.414213
    0.0015     -2.000000
  0.001625     -1.414214
   0.00175     -0.000000
  0.001875      1.414213
     0.002      2.000000
  0.002125      1.414214
   0.00225      0.000000
  0.002375     -1.414213
    0.0025     -2.000000
  0.002625     -1.414214
   0.00275     -0.000001
  0.002875      1.414213
     0.003      2.000000
  0.003125      1.414214
   0.00325      0.000001
  0.003375     -1.414213
    0.0035     -2.000000
  0.003625     -1.414214
   0.00375     -0.000001
  0.003875      1.414213
     0.004      2.000000
  0.004125      1.414214
   0.00425      0.000001
  0.004375     -1.414213
    0.0045     -2.000000
  0.004625     -1.414214
   0.00475     -0.000001
  0.004875      1.414213