
         0      2.000000
  0.000125      1.414214
   0.00025     -0.010000
  0.000375     -1.421143
    0.0005     -1.979852
  0.000625     -1.379214
   0.00075      0.019009
  0.000875      1.371079
     0.001      1.881875
  0.001125      1.291909
   0.00125     -0.025240
  0.001375     -1.268397
    0.0015     -1.716119
  0.001625     -1.161857
   0.00175      0.027547
  0.001875      1.123736
     0.002      1.500153
  0.002125      1.002839
   0.00225     -0.025733
  0.002375     -0.952170
    0.0025     -1.255954
  0.002625     -0.830426
   0.00275      0.020552
  0.002875      0.770552
     0.003      1.011601
  0.003125      0.677151
   0.00325     -0.000417
  0.003375     -0.606604
    0.0035     -0.810317
  0.003625     -0.551818
   0.00375     -0.012234
  0.003875      0.477614
     0.004      0.649125
  0.004125      0.449413
   0.00425      0.019643
  0.004375     -0.376112
    0.0045     -0.520032
  0.004625     -0.365806
   0.00475     -0.023445
  0.004875      0.296229