
         0      0.000000
  0.000125      0.000000
   0.00025      0.010000
  0.000375      0.006930
    0.0005     -0.020148
  0.000625     -0.035000
   0.00075     -0.019010
  0.000875      0.043134
     0.001      0.118125
  0.001125      0.122304
   0.00125      0.025240
  0.001375     -0.145816
    0.0015     -0.283881
  0.001625     -0.252357
   0.00175     -0.027547
  0.001875      0.290478
     0.002      0.499847
  0.002125      0.411375
   0.00225      0.025734
  0.002375     -0.462043
    0.0025     -0.744046
  0.002625     -0.583788
   0.00275     -0.020552
  0.002875      0.643661
     0.003      0.988399
  0.003125      0.737063
   0.00325      0.000417
  0.003375     -0.807609
    0.0035     -1.189683
  0.003625     -0.862396
   0.00375      0.012233
  0.003875      0.936599
     0.004      1.350875
  0.004125      0.964801
   0.00425     -0.019642
  0.004375     -1.038101
    0.0045     -1.479968
  0.004625     -1.048408
   0.00475      0.023444
  0.004875      1.117984